0 0.084766 0.258333 0.157031 0.147222
0 0.141406 0.643056 0.278125 0.408333
0 0.368359 0.547222 0.119531 0.244444
0 0.415625 0.212500 0.059375 0.108333
0 0.595313 0.175000 0.226562 0.150000
0 0.543359 0.415278 0.133594 0.205556
0 0.545312 1.168056 0.268750 0.361111
0 1.064062 0.268750 0.064062 0.112500
0 1.152734 0.255556 0.050781 0.036111
0 1.140234 1.171528 0.272656 0.612500
0 1.234766 0.330556 0.086719 0.111111
0 1.303516 0.753472 0.246094 0.254167
0 1.466016 0.384028 0.063281 0.131944
0 0.078906 0.072917 0.145313 0.143056
0 0.524609 0.275000 0.077344 0.061111
0 0.657422 0.294444 0.092969 0.075000
0 0.950391 0.232639 0.086719 0.065278
0 0.433984 0.183333 0.030469 0.033333
