0 0.055469 0.393750 0.100000 0.162500
0 0.063281 0.686806 0.121875 0.176389
0 0.405078 0.609722 0.060156 0.119444
0 0.598828 0.544444 0.214844 0.166667
0 0.136328 1.169444 0.252344 0.419444
0 0.351953 1.087500 0.128906 0.316667
0 0.526953 0.886111 0.158594 0.266667
0 0.562500 0.268750 0.065625 0.109722
0 0.353906 0.312500 0.109375 0.111111
0 1.180469 0.730556 0.265625 0.244444
0 0.504297 0.182639 0.033594 0.031944
0 0.732422 0.297222 0.096094 0.086111
0 0.930469 0.321528 0.115625 0.079167
0 0.874609 0.236806 0.036719 0.045833
