0 0.158984 0.238194 0.292969 0.337500
0 0.383594 0.181250 0.110937 0.209722
0 0.540234 0.108333 0.117969 0.205556
0 0.511719 0.517361 0.170313 0.206944
0 1.186328 0.054861 0.080469 0.093056
0 1.137500 0.575694 0.312500 0.445833
0 1.126172 0.858333 0.358594 0.241667
0 1.254297 1.106944 0.244531 0.305556
0 0.614844 0.581250 0.098437 0.087500
0 1.274609 0.334722 0.146094 0.150000
0 1.139844 0.299306 0.046875 0.062500
0 1.409766 0.088889 0.063281 0.108333
0 0.402344 0.257639 0.050000 0.054167
0 0.490625 0.266667 0.054688 0.055556
0 0.716797 0.363194 0.117969 0.059722
0 0.770703 0.409028 0.067969 0.087500
0 0.925391 0.329861 0.033594 0.045833
0 0.776953 0.224306 0.067969 0.065278
0 0.596094 0.316667 0.028125 0.016667
0 0.624609 0.211111 0.049219 0.047222
