2 0.127083 0.382407 0.120833 0.125926
2 0.205990 0.299074 0.097396 0.120370
2 0.272396 0.230093 0.079167 0.089815
1 0.524219 0.037963 0.063021 0.037037
2 0.290365 0.371296 0.139063 0.114815
1 0.346354 0.468981 0.134375 0.176852
2 0.210938 0.620833 0.146875 0.180556
2 0.595313 0.266667 0.129167 0.172222
0 0.679427 0.418056 0.129688 0.136111
1 0.753385 0.318981 0.105729 0.147222
1 0.709896 0.131481 0.095833 0.124074
2 0.790885 0.099537 0.082812 0.089815
2 0.859635 0.219907 0.108854 0.178704
1 0.954167 0.419907 0.084375 0.141667
2 0.909896 0.567593 0.135417 0.185185
