0 0.129297 0.443750 0.150781 0.120833
0 0.239844 0.557639 0.212500 0.168056
0 0.463672 0.459722 0.172656 0.119444
1 0.580469 0.794444 0.378125 0.405556
1 0.675781 0.588194 0.284375 0.209722
0 0.930469 0.697917 0.134375 0.204167
1 0.623828 0.368056 0.141406 0.111111
0 0.796484 0.415972 0.158594 0.109722
0 0.960938 0.450694 0.076563 0.101389
0 0.362500 0.361806 0.032813 0.031944
2 0.379688 0.657639 0.196875 0.168056
1 0.525781 0.466667 0.153125 0.166667
0 0.680859 0.288194 0.099219 0.101389
2 0.926562 0.471528 0.126562 0.165278
0 0.783594 0.770139 0.051562 0.079167
0 0.848437 0.766667 0.050000 0.052778
