0 0.200391 0.711111 0.280469 0.247222
0 0.075391 0.539583 0.144531 0.162500
0 0.341016 0.440972 0.063281 0.059722
0 0.469141 0.556944 0.222656 0.152778
1 0.645703 0.437500 0.144531 0.083333
1 0.737500 0.722917 0.331250 0.309722
1 0.486719 0.895833 0.270313 0.200000
0 0.842969 0.486111 0.181250 0.122222
0 0.435937 0.354167 0.070312 0.036111
0 0.329297 0.336806 0.075781 0.034722
1 0.196875 0.386111 0.098437 0.072222
2 0.360156 0.562500 0.178125 0.191667
1 0.602734 0.350694 0.166406 0.165278
2 0.827344 0.660417 0.081250 0.109722
0 0.126562 0.940972 0.067187 0.073611
0 0.873437 0.759028 0.075000 0.084722
