0 0.392969 0.608333 0.075000 0.086111
0 0.651563 0.602083 0.220312 0.131944
0 0.570312 0.807639 0.071875 0.170833
0 0.700781 0.735417 0.160938 0.145833
0 0.531641 0.456250 0.117969 0.076389
0 0.730469 0.425694 0.132812 0.137500
0 0.902344 0.555556 0.210938 0.180556
0 0.989844 0.770139 0.101562 0.098611
0 1.133984 0.432639 0.077344 0.056944
0 1.052734 0.562500 0.082031 0.158333
0 0.828125 0.795833 0.062500 0.100000
0 1.354688 0.691667 0.100000 0.125000
0 1.422266 1.279861 0.146094 0.429167
0 0.291406 0.847222 0.057813 0.094444
0 1.200000 0.454861 0.032813 0.054167
0 0.556250 0.325694 0.064062 0.051389
0 0.701953 0.283333 0.039844 0.066667
0 0.827344 0.193750 0.071875 0.040278
0 0.634766 0.200000 0.055469 0.044444
0 0.315625 0.236806 0.048438 0.051389
0 0.385937 0.234028 0.037500 0.029167
