0 0.055469 0.544444 0.095312 0.072222
0 0.337500 0.586111 0.195312 0.152778
0 0.117188 0.886111 0.214062 0.208333
0 0.585156 0.716667 0.176563 0.205556
0 0.307031 1.030556 0.145313 0.244444
0 0.415234 1.180556 0.155469 0.230556
0 0.598828 1.388194 0.167969 0.212500
0 0.751563 0.598611 0.132812 0.125000
0 0.929688 0.636111 0.140625 0.155556
0 1.129297 0.768750 0.113281 0.115278
0 1.210156 1.091667 0.162500 0.125000
0 0.233594 0.660417 0.095312 0.062500
0 0.380078 0.497222 0.122656 0.050000
0 0.508594 0.450694 0.101562 0.076389
0 0.613672 0.420139 0.049219 0.037500
0 0.681250 0.394444 0.023438 0.044444
