0 0.142969 0.406250 0.154688 0.101389
0 0.308203 0.681250 0.044531 0.131944
0 0.592969 0.937500 0.142187 0.186111
0 0.819141 0.824306 0.155469 0.159722
0 0.910547 0.790972 0.063281 0.112500
0 0.451953 0.667361 0.160156 0.104167
0 0.300391 0.338194 0.086719 0.073611
0 1.013672 1.348611 0.299219 0.291667
0 1.150781 1.194444 0.148438 0.211111
0 1.182422 1.047917 0.185156 0.237500
0 1.251172 0.952778 0.122656 0.169444
0 1.043359 0.677778 0.097656 0.105556
0 0.647266 0.623611 0.130469 0.152778
0 0.310156 0.234722 0.110937 0.072222
0 0.598047 0.146528 0.080469 0.059722
0 0.445312 0.238194 0.068750 0.079167
0 0.060547 0.732639 0.028906 0.037500
0 0.221875 0.706250 0.054688 0.029167
0 0.105078 0.488889 0.017969 0.033333
0 0.569531 0.520139 0.053125 0.054167
0 0.641797 0.460417 0.060156 0.045833
0 0.446875 0.384722 0.043750 0.016667
0 0.702734 0.465278 0.047656 0.038889
