0 0.077734 0.758333 0.142969 0.183333
0 0.029687 0.485417 0.051562 0.079167
0 0.276953 0.507639 0.178906 0.123611
0 0.493359 0.588194 0.161719 0.148611
0 0.651172 0.497917 0.071094 0.090278
0 0.799609 0.528472 0.116406 0.104167
0 0.955859 0.609722 0.080469 0.083333
0 0.997266 0.848611 0.082031 0.105556
0 0.269531 0.859028 0.146875 0.190278
0 0.374609 0.954861 0.135156 0.170833
0 0.539453 1.093056 0.174219 0.169444
0 0.596875 0.451389 0.082812 0.041667
0 0.684375 0.432639 0.065625 0.034722
0 0.746094 0.411111 0.040625 0.030556
