0 0.217578 0.614583 0.297656 0.290278
0 0.142578 0.805556 0.099219 0.108333
0 0.424219 0.416667 0.165625 0.169444
0 0.366406 0.240972 0.287500 0.123611
0 0.870703 0.142361 0.097656 0.056944
0 1.067187 0.712500 0.160938 0.152778
0 0.285938 1.019444 0.087500 0.125000
0 1.029688 1.259028 0.109375 0.209722
0 1.318750 1.313194 0.318750 0.309722
0 1.357813 0.791667 0.225000 0.141667
0 0.914844 0.399306 0.051562 0.101389
0 1.220703 0.490972 0.119531 0.090278
0 1.346875 0.088889 0.082812 0.052778
0 1.022266 0.449306 0.141406 0.179167
0 1.038281 0.081250 0.109375 0.081944
0 1.002734 0.157639 0.086719 0.073611
0 0.269531 0.603472 0.117188 0.090278
0 0.113281 0.472917 0.018750 0.043056
